103
103
99
12
103
12
12
37
103
99
102
102
99
11
15
15
15
15
15
13
13
13
13
13
13
99
13
13
13
13
36
36
36
99
99
37
12
11
11
1
1
1
1
0
3
84
84
84
3
3
3
80
3
83
3
31
30
28
28
30
5
54
31
31
31
30
28
30
28
28
31
31
31
76
76
3
64
76
68
90
90
44
44
34
54
40
54
54
55
55
55
55
47
44
34
32
34
11
11
36
12
12
12
99
55
55
63
63
55
63
63
53
57
52
55
54
54
2
2
2
2
2
2
2
80
54
3
3
54
5
7
7
7
7
131
7
131
7
131
128
7
58
6
7
32
1
1
1
17
5
16
23
28
18
20
2
19
30
4
5
4
22
17
17
16
17
16
23
22
21
18
5
5
21
16
18
18
18
16
23
28
28
28
20
23
23
23
23
21
19
20
17
20
21
20
28
20
20
19
16
17
16
16
76
4
21
18
18
23
18
20
20
2
18
18
21
18
17
19
19
4
4
22
49
4
30
22
22
22
19
22
22
4
47
35
35
58
33
33
56
41
38
35
38
38
41
43
43
40
42
40
41
40
43
43
42
42
58
56
43
58
34
42
44
34
47
40
33
40
32
47
35
46
46
41
34
43
56
32
32
33
40
41
40
43
35
58
47
42
42
47
41
47
40
38
38
38
38
35
34
33
40
46
46
46
45
47
46
56
41
44
46
41
33
46
45
42
32
46
32
42
45
46
44
44
44
58
63
46
61
61
61
62
62
61
61
61
61
61
61
60
60
60
60
60
60
62
62
62
62
56
144
151
149
145
149
148
10
151
39
10
39
151
151
151
56
60
63
60
53
60
60
151
151
145
145
145
145
145
145
145
151
149
149
149
149
149
148
145
148
148
149
10
148
148
14
14
149
148
150
39
148
39
144
150
14
151
144
144
15
15
11
11
68
68
68
68
90
90
84
84
84
87
82
87
87
87
71
71
71
71
68
68
68
70
81
86
86
86
86
86
86
84
87
83
83
83
90
83
83
83
76
76
68
68
102
102
87
87
86
86
68
68
90
90
82
82
80
80
84
8
8
150
151
99
14
15
8
10
10
8
14
14
8
8
0
8
8
9
9
8
9
9
126
98
126
126
125
95
95
126
120
98
2
126
84
71
71
71
70
93
70
98
98
71
82
82
71
87
70
126
126
125
111
97
122
122
95
95
117
74
74
111
81
81
81
81
88
81
96
80
81
80
80
90
80
71
101
103
102
101
101
98
74
102
100
102
110
100
101
98
98
103
102
103
102
103
97
115
108
118
106
115
74
118
125
124
117
108
108
118
125
117
120
120
121
108
121
109
120
109
123
123
109
120
123
121
108
24
109
109
109
123
123
120
26
120
26
120
26
123
123
120
108
123
120
104
112
71
113
100
114
112
100
114
114
112
113
112
113
113
113
109
114
114
114
112
100
112
109
113
112
112
65
69
66
74
72
65
69
73
74
69
73
66
72
66
67
72
67
72
65
74
66
65
64
66
74
67
73
67
65
65
67
64
64
72
72
67
73
64
65
59
59
59
57
57
57
59
57
59
59
59
57
59
34
57
57
56
57
63
58
32
32
32
9
9
8
8
99
37
39
39
39
39
14
14
37
37
37
37
37
37
37
36
10
0
0
0
0
0
36
8
8
6
131
6
131
131
131
130
131
6
131
6
6
132
132
130
130
130
132
130
132
5
131
132
132
130
129
129
132
132
5
130
129
129
129
129
125
129
129
125
125
118
118
96
125
125
117
118
106
106
125
115
124
116
115
115
97
97
119
96
97
97
115
117
119
119
96
125
125
117
117
117
105
78
77
88
76
76
75
94
75
75
108
107
107
95
95
105
93
125
96
96
6
7
136
128
128
143
143
128
140
141
143
136
136
128
128
143
143
128
140
141
143
135
135
142
135
135
143
134
142
135
135
143
135
136
136
136
141
142
142
142
142
140
140
143
140
142
134
135
140
134
134
140
140
134
93
134
134
140
104
88
106
78
105
77
77
77
78
78
104
106
78
77
93
78
78
122
79
111
79
79
79
107
78
75
75
78
78
122
88
93
100
77
75
94
88
105
79
105
105
105
93
108
107
107
77
77
116
105
105
93
104
104
88
79
94
94
105
77
77
92
91
93
89
116
91
91
89
88
94
89
91
89
89
94
89
92
92
92
88
91
92
89
92
91
91
92
92
89
101
91
110
110
110
101
110
85
85
101
85
111
101
111
85
110
110
100
100
82
82
85
85
85
85
111
110
110
49
48
48
51
50
50
49
52
52
52
52
51
51
51
48
51
52
50
52
52
52
49
48
49
49
49
49
51
50
50
48
50
48
48
48
51
51
51
52
72
72
64
64
73
67
73
69
65
64
66
65
64
65
66
66
73
67
72
69
72
29
28
29
25
127
25
127
121
24
25
29
122
121
29
25
25
25
26
25
121
29
29
25
29
121
29
25
27
124
124
127
124
115
24
27
24
124
124
24
26
27
27
116
24
27
27
124
27
119
116
27
24
119
119
119
26
116
116
26
73
94
104
122
106
104
118
124
122
75
94
115
79
104
122
94
125
117
234
195
225
228
187
224
233
161
166
243
166
183
138
183
227
200
169
138
206
137
166
214
210
228
192
219
172
133
164
200
157
159
137
205
239
251
209
152
203
246
245
242
211
173
146
214
247
231
207
253
167
197
160
249
220
204
160
237
137
176
222
152
165
186
230
250
223
244
183
221
215
164
239
206
184
183
204
175
147
220
235
222
227
113
98
216
154
155
233
146
228
234
161
250
226
236
196
252
208
229
246
171
202
244
157
168
157
252
180
240
254
178
153
210
227
200
218
218
161
192
248
215
241
158
205
251
158
219
188
224
187
190
250
137
219
210
192
253
138
154
227
177
204
251
232
218
204
214
187
156
225
152
161
177
195
253
177
138
197
159
193
156
217
164
190
190
244
168
175
221
147
244
236
182
226
155
185
177
160
147
222
229
203
216
173
176
179
172
157
186
134
162
239
226
181
201
152
207
197
238
210
183
213
236
163
208
207
227
236
181
139
193
194
197
171
199
249
231
233
137
217
173
159
199
187
147
251
240
139
193
187
226
217
232
223
251
186
231
171
237
236
172
160
230
157
200
243
242
199
238
231
158
177
206
146
214
200
185
162
220
245
184
165
190
245
176
232
191
178
251
156
139
221
253
255
232
237
213
186
228
206
170
179
141
201
209
165
190
166
142
170
255
214
182
192
255
177
241
203
240
233
165
247
197
139
189
174
228
199
243
239
245
212
184
180
1
133
228
175
220
155
235
201
231
243
199
187
223
240
201
216
186
224
248
167
193
198
245
237
225
155
252
79
219
245
182
153
163
227
203
156
243
166
163
251
220
168
158
215
239
201
173
194
246
147
170
193
213
228
230
195
177
182
176
173
186
226
200
213
181
137
230
194
173
205
188
50
21
198
235
255
219
162
211
133
182
215
172
168
248
168
144
175
208
235
165
164
242
198
160
225
246
247
180
179
247
221
203
230
154
196
241
202
175
171
171
203
168
184
183
231
217
223
253
152
217
212
167
238
191
153
248
231
196
233
200
195
238
231
210
246
158
232
194
188
147
182
200
229
197
249
212
191
233
212
191
240
227
242
208
198
229
140
147
169
156
159
195
226
167
160
198
199
141
238
155
172
220
176
205
193
154
237
223
209
249
248
175
215
204
188
254
147
152
205
237
152
175
185
164
169
169
224
214
176
146
241
166
196
190
191
174
234
165
222
174
181
166
225
164
241
221
170
133
139
210
199
224
246
215
190
189
254
225
171
157
179
133
213
244
209
238
162
254
244
220
208
234
216
197
164
255
207
198
186
170
226
211
169
196
220
163
179
163
166
162
230
157
255
216
250
162
242
235
218
205
255
198
219
184
245
218
138
249
216
188
138
238
240
132
224
250
227
146
240
152
253
250
222
160
181
179
223
252
179
224
192
202
154
252
201
153
202
191
178
196
155
209
232
216
182
167
138
198
221
212
242
154
146
176
252
208
208
184
244
189
249
169
246
229
185
232
158
184
225
222
217
210
174
192
195
199
218
187
212
160
201
237
185
172
161
211
245
180
170
171
165
163
161
168
249
174
206
113
235
243
212
241
128
250
202
239
254
218
169
210
141
153
155
211
221
229
241
250
225
239
173
223
176
184
223
180
230
45
35
254
218
175
178
191
192
181
203
247
224
178
205
141
137
204
247
246
207
159
204
188
146
178
230
243
194
234
185
161
193
174
155
173
186
162
161
158
153
233
139
221
181
193
239
165
164
202
196
157
0
180
248
168
209
177
139
158
242
156
235
248
171
207
144
243
213
233
205
194
172
174
133
241
254
252
214
195
211
215
183
234
252
196
163
138
253
216
226
191
244
144
182
159
238
209
236
206
234
167
163
154
189
204
207
240
197
201
206
234
170
192
170
178
229
214
236
222
217
202
179
229
251
235
139
211
212
206
247
185
242
213
180
253
219
159
215
187
153
254
150
232
159
156
190
189
185
178
172
203
202
167
228
169
209
188
146
211
222
154
217
156
188
181
189
208
195
236
183
207
249
167
194
189
237
248
194
144
153
189
141
58
56
56
10
125
45
255
162
219
247
213
174
180
53
53
